	0	49		267.5   96		267.5	48		294.5	95.5	296	 	
	1	43.5664	267.719 90.5	267.629	42.2695	295	    90.9102	296.73	
	2	43.4219	264.336 90.3594	264.242	41.7773	292	    90.5742	292.867	
	3	45.3594	258.562 93.4141	257.883	44.5703	287.227	93.1602	287.348	
	4	40.2422	260.141 90.2539	260.547	40.4453	290.613	90.3203	291.043	
	5	35.6641	260.598 86.9102	260.781	35.8008	289.937	86.6602	289.391	
	6	40.2383	255.809 92.4141	255.309	40.5586	285.172	91.7344	283.652	
	7	36.5508	258.426 88.9141	258.645	36.6367	288.672	88.8945	289.035	
	8	27.7383	264.172 79.5469	265.062	28.0469	293.672	80.043	293.207	
	9	30.1133	258.355 83.1953	259.148	30.0586	289.473	83.5742	289.363	
	10	30.3477	257.086 85.3672	256.824	30.3867	286.652	84.9805	286.832	
	11	23.7734	256.902 78.8594	256.723	24.0508	288.035	78.6211	287.418	
	12	23.1758	256.113 77.6484	255.375	23.25	286.715	77.7305	285.742	
	13	20.1484	253.777 76.7656	252.961	20.3086	283.742	75.3711	283.203	
	14	19.1758	257.828 75.293	257.535	19.2578	287.93	75.5508	287.754	
	15	18.1211	255.895 74.2969	255.789	18.1016	287.059	74.5898	286.414	
	16	17.1758	255.98  74.2266	255.199 17.2422	287.391	74.4102	287.699	
	17	2.71094	255.762 68.9375	256.285	11.543	287.504	68.9648	287.242	
	18	7.51221	256.485 66.1523	257.207	7.77084	288.502	66.2266	288.809	
	19	7.5	255.25	    66.5	255	    7.25	288.25	66.6016	287.977	
	20	2.75344	256.743 61.6602	256.738	1.75	288.973	61.7891	289.492	
	21	0.5	256.75	    62.7695	258.168 0.5		291.25	62		291.75	
