	0	813.677	150.663 877.475	147.56	817.814	222.735 880.578	221.701		
	1	817.677	149.612 880.963	145.642	820.103	222.61  885.179	221.576		
	2	818.677	147.463 885.483	142.024	822.47	223.446 889.941	222.369		
	3	821.177	144.479 891.975	140.864	825.154	224.302 894.847	222.885		
	4	823.751	141.667 897.229	137.481	827.724	224.423 899.898	222.928		
	5	826.677	138.272 902.475	134.173	830.654	224.563 905.453	223.041		
	6	828.333	131.819 906.615	131.142	831.259	224.95  911.543	223.607		
	7	835.61	130.377 915.475	127.571	835.127	226.954 918.539	224.142		
	8	836.716	126.827 921.748	123.345	839.259	228.794 925.656	224.924		
	9	840.466	122.42  930.486	119.306	843.314	226.771 933.488	225.092	 
	10	845.071	117.42  939.1	113.81	847.67	227.493 942.093	224.756	 
	11	844.646	111.229 948.291	107.564	852.224	226.282 951.277	224.451		
	12	841.419	120.92  957.975	101.263	857.22	226.11  961.093	224.564	 
	13	858.204	94.6743 968.1	93.5166	862.431	226.048 971.05	224.974		
	14	864.521	85.979  978.1	85.7744	870.213	225.618 983.121	225.431	 
	15	870.274	80.2486 990.662	78.1143	875.463	225.177 1000.15	226.572		
	16	876.923	69.4595 1008.29	67.208	882.963	224.481 1017.65	227.099		
	17	887.075	56.7759 1024.66	55.7237	892.166	223.044 1032.65	227.658		
	18	896.263	42.3814 1045.65	43.3442	903.935	230.481 1055.15	224.967		
	19	907.208	29.104  1066.62	25.8057	915.759	232.36  1080.15	228.443	 
	20	919.81	10.8618 1093.15	10		934.646	234.024 1107.73	228.295		
