	0	326.5	107.000 347		106	    326		128	    347	127.5	 
	1	326.781	105.906 347.691	105.922 326.781	128.145 348.141	127.664		
	2	327.664	105.691 348.535	105.676 327.695	128.102 349.242	127.574		
	3	328.664	105.125 349.582	105.133 328.668	127.691 350.383	127.312		
	4	330.426	104.219 351.625	103.82  330.617	126.805 352.621	126.691		
	5	331.449	102.82  353.473	103.176 331.598	126.418 353.699	126.074	 
	6	332.465	102.211 354.5	102.301 332.426	125.605 354.629	125.164		
	7	333.32	101.465 355.617	101.453 333.426	125.422 355.621	125.031		
	8	335.293	100.625 357.664	100.73  334.789	125.348 358.461	124.945		
	9	335.676	101.246 359.402	101.332 335.773	125.594 359.5	125.086		
	10	337.281	101.434 360.535	101.465 336.703	126.473 360.418	126.055		
	11	338.137	101.676 361.648	101.688 337.555	127.023 361.551	126.586		
	12	340.117	101.777 363.836	101.797 339.441	127.738 363.922	127.254		
	13	341.094	101.586 365.035	101.699 340.418	127.891 365.141	127.398		
	14	342.031	101.238 366.258	101.285 341.387	127.871 366.219	127.348		
	15	342.922	100.75  367.254	100.809 342.344	127.777 367.633	126.785	 
	16	344.578	99.9336 369.727	99.7813 343.203	127.125 369.664	126.727		
	17	345.031	99.5781 370.91	99.793  344.305	127.137 370.715	126.734		
	18	346.492	97.0391 371.844	98.9336 345.328	127.133 371.703	126.719		
	19	347.941	97.5195 373.82	98.0742 348.008	127.875 373.715	126.691		
	20	347.934	98.8281 374.891	97.8594 348.41	127.902 374.879	126.699		
	21	349.125	97.375  375.195	97.1836 349.164	127.934 375.918	126.676	 
	22	349.75	96.375  376.852	96.8984 350.066	127.945 377.078	126.66 	 
	23	350.125	95.875  377.711	96.0898 350.781	127.559 377.887	126.418	 
	24	352.042	94.2669 379.551	94.4297 352.371	126.605 379.891	125.32 		
	25	352.564	93.1663 380.512	93.6641 352.824	126.395 380.766	124.949		
	26	353.574	91.2249 381.426	90.8906 353.793	126.395 381.777	124.988		
	27	354.395	93.0625 382.48	93.2969 354.609	126.48  382.801	125.145 	
	28	355.756	92.1795 384.352	92.1992 355.891	127.379 384.816	126.008		
	29	356.68	91.8125 386.094	92.1133 356.645	127.457 385.902	126.105		
	30	357.148	91.4219 386.832	91.4258 357.398	127.262 386.914	126.098		
	31	357.973	90.668  388.051	91.082  358.258	127.137 387.957	125.754	 
	32	359.285	89.7344 388.859	89.8008 359.145	126.992 389.09	125.512		
	33	360.59	89.6484 391.266	89.6016 360.629	126.707 391.316	125.391		
	34	361.586	88.1094 392.398	88	    361.52	126.754 392.563	125.402	 
	35	362.551	87.2539 393.102	87.5117 362.352	126.762 393.625	125.352		
	36	364.449	86.1797 396.398	86.2656 364.246	123.293 397.16	123.051		
	37	365.602	82.2109 397.473	81.5586 365.422	124.777 397.676	124.437		
	38	366.234	82.8711 397.352	81.7617 366.254	127.016 399.316	126.148		
	39	366.738	85.2109 400.176	85.4648 367.332	127.18  399.949	127.258 	
	40	368.773	85.1523 401.523	85	    368.379	126.266 401.324	125.891	 
	41	369.25	85	    401.891	83.4492 369.918	125.074 403.242	124.445	
	42	371.25	84.4141 405.574	84.6016 371.656	125.211 406.117	124.559		
	43	372.406	83.3594 407.18	83.6016 372.969	124.855 407.719	124.027		
	44	373.805	82.3828 408.969	82.5625 374.086	124.27  409.324	123.469 	
	45	374.937	81.2852 410.359	81.4414 375.316	123.75  411.016	122.957 	
	46	377.695	79.5781 413.813	79.8789 378.086	123.512 414.504	122.219		
	47	378.937	79.0156 415.258	79.3203 379.336	123.543 416.387	122.223		
	48	379.977	78.5898 417.195	78.9023 380.957	123.648 418.301	122.832		
	49	380.75	78.1797 419.164	78.3203 382.156	123.633 419.938	122.852		
	50	383.75	77.082  423.074	77.3359 385.117	123.586 423.633	122.98 	 
	51	385.738	76.6133 426.066	76.8789 387.012	123.555 425.57	123.02 		
	52	387.695	75.8281 428.074	76.2852 388.242	123.48  427.57	122.977 	
	53	390.875	74.4258 432.203	74.7344 391.742	123.348 431.211	122.695		
