	0	772.978	138.529 827.764	137.000 773.478	212.029 829.478	211.029	
	1	776.189	136.634 833.849	135.67  777.154	213.251 835.751	211.673
	2	780.22	131.798 840.913	130.48  781.455	210.169 842.208	208.704
	3	784.943	122.529 846.998	121.049 786.587	203.306	848.818	201.708
	4	789.794	114.622 853.293	113.837 791.048	199.009	855.138	196.708
	5	793.771	112.326 859.164	111.347 794.83	199.177	861.279	196.986
	6	798.005	115.673 865.566	114.639 799.49	205.509	867.623	203.365
	7	802.4	116.728 872.503	116.125 803.806	209.669	874.525	207.501
	8	806.47	112.783 878.964	112.273 808.29	209.118	880.923	206.868
	9	810.505	106.056 885.556	105.541 812.361	205.99 	887.83	203.97 
	10	814.478	98.9505 892.968	103.288 816.654	202.888	894.849	200.505
	11	818.912	93.4505 900.203	97.6964 821.154	201.548	902.525	199.419
	12	823.83	88.3255 906.436	89.2177 826.294	201.095	910.775	198.642
	13	829.099	80.6536 916.496	81.5793 831.931	198.603	920.044	196.161
	14	834.751	72.5091 925.333	73.292  838.013	196.033 930.044	193.583
	15	841.388	64.0091 934.214	63.6122 845.15	193.81 	940.044	191.845
	16	849.353	52.0091 948.752	51.3377 852.728	187.833	950.044	186.255
	17	857.849	39.0091 961.824	36.5044 861.052	178.833	969.966	178.431
	18	866.521	19.5404 976.346	18.3245 870.763	172.361	984.966	170.943
	19	875.983	5.61702 991		5.00000 881.107	166.822	1002.47	166.986	
