	0	124.475	79.5552 155		82.2500 124.25	114.5  	154.155	114.68 	
	1	129.845	81.189  158.973	81.7148 129.398	113.184 158.923	113.891
	2	134.923	79.8961 164.469	81.6836 134.75	113.691	164.827	113.779
	3	145.282	80.9981 174.5	82.6289 144.836	114.52 	175.036	114.934
	4	150.012	81.1272 179.238	83.8438 149.867	115.117	179.04	115.535
	5	155.016	82.1049 185.25	83.1719 154.863	115.781	185.647	115.868
	6	166.306	82.7001 195	83.6758	    165.969	116.977 194.834	117.194
	7	170.939	82.5444 200.129	82.2188 170.871	117.074	200.092	116.849
	8	175.764	83.0039 206.27	83.332  175.91	117.414	206.438	116.837
	9	181.107	82.2055 211.906	84.0508 181.027	117.164	212.212	117.223
	10	192.266	83.2771 222.5	83.375  191.93	119.012	222.517	118.177
	11	197.155	82.4989 228.687	84.3008 197.25	119.555	228.408	118.831
	12	202.96	82.2394 233.293	82.7188 202.969	118.746	234.089	118.738
	13	213.207	80.043  243.75	82.1328 213.23	117.176 245.311	115.611
	14	219.264	79.2326 249.133	80.918  218.918	115.594	249.448	115.764
	15	224.897	79.4608 255.652	79.9531 224.578	116.148	256.072	116.59 
	16	235.636	77.415  267.625	79.375  235.473	116.742 268.19	116.535
	17	241.262	76.8078 274.285	78.6367 241.508	116.25 	274.758	115.315
	18	247.274	76.1074 280.805	77.6719 246.961	113.734	281.639	114.028
	19	258.976	73.6324 292.738	76.2188 258.805	113.82 	294.906	114.642
	20	264.75	73.4199 299.938	75.4648 264.785	112.441	300.722	113.386
	21	271.052	72.4195 306.637	74.9414 270.535	111.086	308.249	113.538
	22	275.997	71.4531 312.73	74.1836 276.816	114.406	315.563	114.784
	23	282.115	70.5344 320.426	72.3086 282.961	112.148	322.179	113.485
	24	294.683	69.1131 333.879	71.5391 295.461	110.387	335.803	111.349
	25	301.733	68.2865 341.574	70.3789 301.609	108.938	342.273	110.654
	26	307.892	67.8061 349.211	70.3203 308.117	110.012	350.829	111.02 
	27	313.85	66.5704 356.453	70.0117 314.258	109.191	357.682	110.754
	28	327.303	65.8101 373.098	67.6289 328.258	109.938	373.868	110.783
	29	334.172	64.4511 381.496	67.9141 334.988	110.203	383.22	110.775
	30	340.851	62.6963 388.789	67.2852 341.336	109.734	389.837	110.841
	31	355.254	60.9985 404.039	65.1875 356.336	108.254	405.358	109.405
	32	360.819	59.5094 411.539	63.5039 362.078	107.32 	413.17	108.885
	33	369.042	58.1043 419.609	62.0586 369.848	107.039	421.167	108.552
